0.017686 16 0.570958 207109 12008632 0.014842
0.017686 16 0.570958 207109 12008632 0.014842
0.017686 16 0.570958 207109 12008632 0.014842
0.017686 16 0.570958 207109 12008632 0.014842
0.017686 16 0.570958 207109 12008632 0.014842
0.017686 26164206 0 207110 12008643 13544.893112
0.017686 26164206 0 207110 12008643 13544.893112
0.017686 26164206 0 207110 12008643 13544.893112
0.017686 26164206 0 207110 12008643 13544.893112
0.017686 26164206 0 207110 12008643 13544.893112
0.017686 26164206 0 207110 12008643 13544.893112
0.017686 26164206 0 207110 12008643 13544.893112
0.017686 26164206 0 207110 12008643 13544.893112
0.017686 26164206 0 207110 12008643 13544.893112
0.017686 26164206 0 207110 12008643 13544.893112
0.017686 26164206 0 207110 12008643 13544.893112
0.017686 26164206 0 207110 12008643 13544.893112
0.017686 26164206 0 207110 12008643 13544.893112
0.017686 26164206 0 207110 12008643 13544.893112
0.017686 26164206 0 207110 12008643 13544.893112
0.017686 26164206 0 207110 12008643 13544.893112
0.017686 26164206 0 207110 12008643 13544.893112
0.017686 26164206 0 207110 12008643 13544.893112
0.017686 26164206 0 207110 12008643 13544.893112
0.017686 26164206 0 207110 12008643 13544.893112
0.017686 26164206 0 207110 12008643 13544.893112
0.017686 26164206 0 207110 12008643 13544.893112
0.017686 26164206 0 207110 12008643 13544.893112
0.017686 26164206 0 207110 12008643 13544.893112
0.017686 26164206 0 207110 12008643 13544.893112
0.017686 26164206 0 207110 12008643 13544.893112
0.017686 26164206 0 207110 12008643 13544.893112
0.017686 26164206 0 207110 12008643 13544.893112
0.017686 26164206 0 207110 12008643 13544.893112
0.017686 26164206 0 207110 12008643 13544.893112
0.011179 16 0.903346 1145195 5194210 0.019104
0.011179 16 0.903346 1145195 5194210 0.019104
0.011179 16 0.903346 1145195 5194210 0.019104
0.011179 16 0.903346 1145195 5194210 0.019104
0.011179 16 0.903346 1145195 5194210 0.019104
0.009978 26644118 0 633 20197576 0.020350
0.009978 26644118 0 633 20197576 0.020350
0.009978 26644118 0 633 20197576 0.020350
0.009978 26644118 0 633 20197576 0.020350
0.009978 26644118 0 633 20197576 0.020350
0.009978 16 1.012049 633 20197576 0.020350
0.009978 16 1.012049 633 20197576 0.020350
0.009978 16 1.012049 633 20197576 0.020350
0.009978 16 1.012049 633 20197576 0.020350
0.009978 16 1.012049 633 20197576 0.020350
0.009978 16 1.012049 633 20197576 0.020350
0.009978 16 1.012049 633 20197576 0.020350
0.009978 16 1.012049 633 20197576 0.020350
0.009978 16 1.012049 633 20197576 0.020350
0.009978 16 1.012049 633 20197576 0.020350
0.009978 16 1.012049 633 20197576 0.020350
0.009978 16 1.012049 633 20197576 0.020350
0.009978 16 1.012049 633 20197576 0.020350
0.009978 16 1.012049 633 20197576 0.020350
0.009978 16 1.012049 633 20197576 0.020350
0.009978 16 1.012049 633 20197576 0.020350
0.009978 16 1.012049 633 20197576 0.020350
0.009978 16 1.012049 633 20197576 0.020350
0.009978 16 1.012049 633 20197576 0.020350
0.009978 16 1.012049 633 20197576 0.020350
0.009978 16 1.012049 633 20197576 0.020350
0.009978 16 1.012049 633 20197576 0.020350
0.009978 16 1.012049 633 20197576 0.020350
0.009978 16 1.012049 633 20197576 0.020350
0.009978 16 1.012049 633 20197576 0.020350
0.010527 16 0.959240 1348356 23 0.019322
0.010527 16 0.959240 1348356 23 0.019322
0.010527 16 0.959240 1348356 23 0.019322
0.010527 16 0.959240 1348356 23 0.019322
0.010527 16 0.959240 1348356 23 0.019322
0.006824 26646886 0 651 20199855 0.008628
0.006824 26646886 0 651 20199855 0.008628
0.006824 26646886 0 651 20199855 0.008628
0.006824 26646886 0 651 20199855 0.008628
0.006824 26646886 0 651 20199855 0.008628
0.006344 16 0 669 20200519 0.031542
0.006344 16 0 669 20200519 0.031542
0.006344 16 0 669 20200519 0.031542
0.006344 16 0 669 20200519 0.031542
0.006344 16 0 669 20200519 0.031542
0.006344 16 0 669 20200519 0.031542
0.006344 16 0 669 20200519 0.031542
0.006344 16 0 669 20200519 0.031542
0.006344 16 0 669 20200519 0.031542
0.006344 16 0 669 20200519 0.031542
0.006344 16 0 669 20200519 0.031542
0.006344 16 0 669 20200519 0.031542
0.006344 16 0 669 20200519 0.031542
0.006344 16 0 669 20200519 0.031542
0.006344 16 0 669 20200519 0.031542
0.006344 16 0 669 20200519 0.031542
0.006344 16 0 669 20200519 0.031542
0.006344 16 0 669 20200519 0.031542
0.006344 16 0 669 20200519 0.031542
0.006344 16 0 669 20200519 0.031542
0.006344 16 0 669 20200519 0.031542
0.006344 16 0 669 20200519 0.031542
0.006344 16 0 669 20200519 0.031542
0.006344 16 0 669 20200519 0.031542
0.006344 16 0 669 20200519 0.031542
0.010527 16 0.959242 1348543 2 0.019323
0.010527 16 0.959242 1348543 2 0.019323
0.010527 16 0.959242 1348543 2 0.019323
0.010527 16 0.959242 1348543 2 0.019323
0.010527 16 0.959242 1348543 2 0.019323
0.006509 26647377 0 657 20200246 0.008627
0.006509 26647377 0 657 20200246 0.008627
0.006509 26647377 0 657 20200246 0.008627
0.006509 26647377 0 657 20200246 0.008627
0.006509 26647377 0 657 20200246 0.008627
0.004974 16 0 1562349 324384 0.009057
0.004974 16 0 1562349 324384 0.009057
0.004974 16 0 1562349 324384 0.009057
0.004974 16 0 1562349 324384 0.009057
0.004974 16 0 1562349 324384 0.009057
0.004741 26164206 0 1288861 2874071 0.135873
0.004741 26164206 0 1288861 2874071 0.135873
0.004741 26164206 0 1288861 2874071 0.135873
0.004741 26164206 0 1288861 2874071 0.135873
0.004741 26164206 0 1288861 2874071 0.135873
0.004741 26164206 0 1288861 2874071 0.135873
0.004741 26164206 0 1288861 2874071 0.135873
0.004741 26164206 0 1288861 2874071 0.135873
0.004741 26164206 0 1288861 2874071 0.135873
0.004741 26164206 0 1288861 2874071 0.135873
0.004741 26164206 0 1288861 2874071 0.135873
0.004741 26164206 0 1288861 2874071 0.135873
0.004741 26164206 0 1288861 2874071 0.135873
0.004741 26164206 0 1288861 2874071 0.135873
0.004741 26164206 0 1288861 2874071 0.135873
0.004741 26164206 0 1288861 2874071 0.135873
0.004741 26164206 0 1288861 2874071 0.135873
0.004741 26164206 0 1288861 2874071 0.135873
0.004741 26164206 0 1288861 2874071 0.135873
0.004741 26164206 0 1288861 2874071 0.135873
0.010527 26164206 0.959242 1348544 11356129 0.019323
0.010527 26164206 0.959242 1348544 11356129 0.019323
0.010527 26164206 0.959242 1348544 11356129 0.019323
0.010527 26164206 0.959242 1348544 11356129 0.019323
0.010527 26164206 0.959242 1348544 11356129 0.019323
0.006509 16 0 659 20200275 0.008628
0.006509 16 0 659 20200275 0.008628
0.006509 16 0 659 20200275 0.008628
0.006509 16 0 659 20200275 0.008628
0.006509 16 0 659 20200275 0.008628
0.004920 16 0 1557126 3 0.009059
0.004920 16 0 1557126 3 0.009059
0.004920 16 0 1557126 3 0.009059
0.004920 16 0 1557126 3 0.009059
0.004920 16 0 1557126 3 0.009059
0.004220 16 0 2016232 56 0.009573
0.004220 16 0 2016232 56 0.009573
0.004220 16 0 2016232 56 0.009573
0.004220 16 0 2016232 56 0.009573
0.004220 16 0 2016232 56 0.009573
0.003867 26164206 0 2367389 1030341 0.153511
0.003867 26164206 0 2367389 1030341 0.153511
0.003867 26164206 0 2367389 1030341 0.153511
0.003867 26164206 0 2367389 1030341 0.153511
0.003867 26164206 0 2367389 1030341 0.153511
0.003867 26164206 0 2367389 1030341 0.153511
0.003867 26164206 0 2367389 1030341 0.153511
0.003867 26164206 0 2367389 1030341 0.153511
0.003867 26164206 0 2367389 1030341 0.153511
0.003867 26164206 0 2367389 1030341 0.153511
0.003867 26164206 0 2367389 1030341 0.153511
0.003867 26164206 0 2367389 1030341 0.153511
0.003867 26164206 0 2367389 1030341 0.153511
0.003867 26164206 0 2367389 1030341 0.153511
0.003867 26164206 0 2367389 1030341 0.153511
0.010527 26164206 0.959242 1348544 11356129 0.019323
0.010527 26164206 0.959242 1348544 11356129 0.019323
0.010527 26164206 0.959242 1348544 11356129 0.019323
0.010527 26164206 0.959242 1348544 11356129 0.019323
0.010527 26164206 0.959242 1348544 11356129 0.019323
0.006509 16 0 659 20200275 0.008628
0.006509 16 0 659 20200275 0.008628
0.006509 16 0 659 20200275 0.008628
0.006509 16 0 659 20200275 0.008628
0.006509 16 0 659 20200275 0.008628
0.004920 26164206 0 1557258 5316967 0.135230
0.004920 26164206 0 1557258 5316967 0.135230
0.004920 26164206 0 1557258 5316967 0.135230
0.004920 26164206 0 1557258 5316967 0.135230
0.004920 26164206 0 1557258 5316967 0.135230
0.004220 16 0 2016391 4 0.009577
0.004220 16 0 2016391 4 0.009577
0.004220 16 0 2016391 4 0.009577
0.004220 16 0 2016391 4 0.009577
0.004220 16 0 2016391 4 0.009577
0.003777 26661188 0 2524708 3528 0.012840
0.003777 26661188 0 2524708 3528 0.012840
0.003777 26661188 0 2524708 3528 0.012840
0.003777 26661188 0 2524708 3528 0.012840
0.003777 26661188 0 2524708 3528 0.012840
0.003761 16 0 2535065 829365 0.013983
0.003761 16 0 2535065 829365 0.013983
0.003761 16 0 2535065 829365 0.013983
0.003761 16 0 2535065 829365 0.013983
0.003761 16 0 2535065 829365 0.013983
0.003761 16 0 2535065 829365 0.013983
0.003761 16 0 2535065 829365 0.013983
0.003761 16 0 2535065 829365 0.013983
0.003761 16 0 2535065 829365 0.013983
0.003761 16 0 2535065 829365 0.013983
0.010527 26164206 0.959242 1348544 11356129 0.019323
0.010527 26164206 0.959242 1348544 11356129 0.019323
0.010527 26164206 0.959242 1348544 11356129 0.019323
0.010527 26164206 0.959242 1348544 11356129 0.019323
0.010527 26164206 0.959242 1348544 11356129 0.019323
0.006509 16 0 659 20200275 0.008628
0.006509 16 0 659 20200275 0.008628
0.006509 16 0 659 20200275 0.008628
0.006509 16 0 659 20200275 0.008628
0.006509 16 0 659 20200275 0.008628
0.004920 26164206 0 1557258 5316967 0.135230
0.004920 26164206 0 1557258 5316967 0.135230
0.004920 26164206 0 1557258 5316967 0.135230
0.004920 26164206 0 1557258 5316967 0.135230
0.004920 26164206 0 1557258 5316967 0.135230
0.004220 26164206 0 2016421 3252508 0.153502
0.004220 26164206 0 2016421 3252508 0.153502
0.004220 26164206 0 2016421 3252508 0.153502
0.004220 26164206 0 2016421 3252508 0.153502
0.004220 26164206 0 2016421 3252508 0.153502
0.003777 16 0 2524783 1483103 0.012840
0.003777 16 0 2524783 1483103 0.012840
0.003777 16 0 2524783 1483103 0.012840
0.003777 16 0 2524783 1483103 0.012840
0.003777 16 0 2524783 1483103 0.012840
0.003751 16 0 2651532 1184508 0.010631
0.003751 16 0 2651532 1184508 0.010631
0.003751 16 0 2651532 1184508 0.010631
0.003751 16 0 2651532 1184508 0.010631
0.003751 16 0 2651532 1184508 0.010631
0.003751 16 0 2602468 398323 0.014089
0.003751 16 0 2602468 398323 0.014089
0.003751 16 0 2602468 398323 0.014089
0.003751 16 0 2602468 398323 0.014089
0.003751 16 0 2602468 398323 0.014089
